Time,x_sat,y_sat,z_sat,True_x,True_vx,True_y,True_vy,True_z,True_vz,InTrackAngle,CrossTrackAngle,Est_x,Est_vx,Est_y,Est_vy,Est_z,Est_vz,Cov_xx,Cov_vxvx,Cov_yy,Cov_vyvy,Cov_zz,Cov_vzvz,Innovation_ITA,Innovation_CTA,InnovationCov_ITA,InnovationCov_CTA,DDF_Est_x,DDF_Est_vx,DDF_Est_y,DDF_Est_vy,DDF_Est_z,DDF_Est_vz,DDF_Cov_xx,DDF_Cov_vxvx,DDF_Cov_yy,DDF_Cov_vyvy,DDF_Cov_zz,DDF_Cov_vzvz,DDF_Innovation_ITA,DDF_Innovation_CTA,DDF_InnovationCov_ITA,DDF_InnovationCov_CTA
30.000,13223.358,-1775.077,12639.138,4529.954,0.665,-20.206,-0.677,4489.765,-0.674,2.084,2.006,4544.954,0.997,-5.206,-1.015,4504.765,-1.010,625.000,100.000,625.000,100.000,625.000,100.000,0.000,0.000,1.000,1.000,4544.954,0.997,-5.206,-1.015,4504.765,-1.010,625.000,100.000,625.000,100.000,625.000,100.000,0.000,0.000,1.000,1.000
31.000,13343.267,-1541.553,12543.394,4530.618,0.664,-20.883,-0.677,4489.092,-0.674,1.621,2.002,4544.827,0.851,-20.128,-2.811,4502.329,-1.195,481.938,96.122,153.452,90.727,426.125,95.189,-0.068,-0.046,0.022,0.022,4544.827,0.851,-20.128,-2.811,4502.329,-1.195,481.938,96.122,153.452,90.727,426.125,95.189,-0.068,-0.046,0.022,0.022
32.000,13460.091,-1307.673,12444.751,4531.283,0.664,-21.560,-0.677,4488.418,-0.674,1.160,1.997,4545.494,0.781,-23.447,-2.983,4501.309,-1.140,666.545,86.678,126.294,67.995,558.910,82.508,-0.004,-0.000,0.011,0.011,4545.494,0.781,-23.447,-2.983,4501.309,-1.140,666.545,86.678,126.294,67.995,558.910,82.508,-0.004,-0.000,0.011,0.011
33.000,13573.804,-1073.490,12343.232,4531.947,0.664,-22.237,-0.677,4487.744,-0.674,0.700,1.989,4546.388,0.845,-24.927,-2.470,4499.979,-1.183,987.379,78.234,125.784,45.728,785.094,69.604,0.010,0.005,0.011,0.011,4546.388,0.845,-24.927,-2.470,4499.979,-1.183,987.379,78.234,125.784,45.728,785.094,69.604,0.010,0.005,0.011,0.011
34.000,13684.379,-839.060,12238.859,4532.610,0.664,-22.914,-0.677,4487.070,-0.674,0.240,1.984,4547.081,0.838,-25.338,-1.869,4498.625,-1.198,1436.630,73.686,121.794,31.362,1081.645,60.828,0.013,0.008,0.011,0.010,4547.081,0.838,-25.338,-1.869,4498.625,-1.198,1436.630,73.686,121.794,31.362,1081.645,60.828,0.013,0.008,0.011,0.010
35.000,13791.790,-604.435,12131.656,4533.274,0.664,-23.591,-0.678,4486.396,-0.674,0.223,1.981,4547.363,0.729,-25.585,-1.470,4497.626,-1.123,2017.287,71.800,114.468,23.001,1440.242,55.216,-0.009,0.010,0.010,0.010,4547.363,0.729,-25.585,-1.470,4497.626,-1.123,2017.287,71.800,114.468,23.001,1440.242,55.216,-0.009,0.010,0.010,0.010
36.000,13896.013,-369.670,12021.650,4533.938,0.663,-24.269,-0.678,4485.722,-0.674,0.683,1.975,4547.488,0.639,-25.481,-1.139,4496.249,-1.143,2728.392,71.222,105.957,18.089,1849.849,51.325,-0.010,0.008,0.009,0.009,4547.488,0.639,-25.481,-1.139,4496.249,-1.143,2728.392,71.222,105.957,18.089,1849.849,51.325,-0.010,0.008,0.009,0.009
37.000,13997.024,-134.821,11908.864,4534.601,0.663,-24.947,-0.678,4485.048,-0.674,1.143,1.971,4547.354,0.531,-25.326,-0.902,4494.851,-1.159,3561.550,71.139,98.070,15.116,2295.223,48.266,-0.008,0.008,0.009,0.009,4547.354,0.531,-25.326,-0.902,4494.851,-1.159,3561.550,71.139,98.070,15.116,2295.223,48.266,-0.008,0.008,0.009,0.009
38.000,14094.800,100.061,11793.325,4535.264,0.663,-25.625,-0.678,4484.374,-0.674,1.605,1.963,4547.448,0.476,-25.693,-0.814,4493.512,-1.173,4499.930,71.092,92.882,13.287,2757.171,45.560,-0.003,0.004,0.009,0.008,4547.448,0.476,-25.693,-0.814,4493.512,-1.173,4499.930,71.092,92.882,13.287,2757.171,45.560,-0.003,0.004,0.009,0.008
39.000,14189.316,334.919,11675.060,4535.927,0.663,-26.303,-0.678,4483.700,-0.674,2.063,1.954,4547.388,0.425,-26.032,-0.744,4491.665,-1.250,5518.226,70.816,93.022,12.182,3214.233,42.956,-0.005,0.001,0.008,0.008,4547.388,0.425,-26.032,-0.744,4491.665,-1.250,5518.226,70.816,93.022,12.182,3214.233,42.956,-0.005,0.001,0.008,0.008
40.000,14280.553,569.699,11554.096,4536.589,0.663,-26.981,-0.678,4483.025,-0.675,2.522,1.953,4547.215,0.351,-26.252,-0.670,4490.662,-1.205,6585.757,70.177,101.566,11.564,3645.534,40.345,-0.001,0.007,0.008,0.008,4547.215,0.351,-26.252,-0.670,4490.662,-1.205,6585.757,70.177,101.566,11.564,3645.534,40.345,-0.001,0.007,0.008,0.008
41.000,14368.489,804.348,11430.462,4537.252,0.662,-27.660,-0.679,4482.350,-0.675,2.980,1.941,4547.762,0.370,-27.036,-0.685,4489.559,-1.198,7669.606,69.125,121.683,11.291,4031.914,37.695,0.001,-0.001,0.008,0.008,4547.762,0.370,-27.036,-0.685,4489.559,-1.198,7669.606,69.125,121.683,11.291,4031.914,37.695,0.001,-0.001,0.008,0.008
42.000,14453.103,1038.811,11304.185,4537.914,0.662,-28.339,-0.679,4481.676,-0.675,3.433,1.937,4547.793,0.332,-27.461,-0.651,4488.513,-1.173,8738.133,67.672,156.359,11.273,4359.766,35.029,-0.001,0.004,0.008,0.008,4547.793,0.332,-27.461,-0.651,4488.513,-1.173,8738.133,67.672,156.359,11.273,4359.766,35.029,-0.001,0.004,0.008,0.008
43.000,14534.376,1273.034,11175.294,4538.576,0.662,-29.018,-0.679,4481.001,-0.675,3.886,1.927,4548.217,0.337,-28.117,-0.652,4487.479,-1.161,9766.973,65.887,208.020,11.445,4621.294,32.394,0.000,0.000,0.008,0.008,4548.217,0.337,-28.117,-0.652,4487.479,-1.161,9766.973,65.887,208.020,11.445,4621.294,32.394,0.000,0.000,0.008,0.008
44.000,14612.289,1506.962,11043.821,4539.238,0.662,-29.697,-0.679,4480.326,-0.675,4.335,1.921,4548.524,0.327,-28.649,-0.638,4486.589,-1.132,10737.957,63.851,278.531,11.763,4814.330,29.842,0.000,0.003,0.008,0.008,4548.524,0.327,-28.649,-0.638,4486.589,-1.132,10737.957,63.851,278.531,11.763,4814.330,29.842,0.000,0.003,0.008,0.008
45.000,14686.825,1740.542,10909.794,4539.899,0.662,-30.376,-0.679,4479.651,-0.675,4.778,1.912,4548.304,0.293,-29.234,-0.630,4484.939,-1.171,11641.538,61.658,369.102,12.189,4941.317,27.421,-0.002,-0.000,0.008,0.008,4548.304,0.293,-29.234,-0.630,4484.939,-1.171,11641.538,61.658,369.102,12.189,4941.317,27.421,-0.002,-0.000,0.008,0.008
46.000,14757.965,1973.720,10773.245,4540.561,0.661,-31.056,-0.680,4478.976,-0.675,5.220,1.906,4547.995,0.247,-29.658,-0.603,4483.612,-1.171,12475.637,59.393,480.491,12.696,5008.796,25.168,-0.001,0.003,0.008,0.008,4547.995,0.247,-29.658,-0.603,4483.612,-1.171,12475.637,59.393,480.491,12.696,5008.796,25.168,-0.001,0.003,0.008,0.008
47.000,14825.693,2206.441,10634.206,4541.222,0.661,-31.736,-0.680,4478.301,-0.675,5.658,1.897,4548.008,0.230,-30.211,-0.596,4482.335,-1.176,13242.038,57.126,613.051,13.262,5023.642,23.103,-0.001,0.001,0.008,0.008,4548.008,0.230,-30.211,-0.596,4482.335,-1.176,13242.038,57.126,613.051,13.262,5023.642,23.103,-0.001,0.001,0.008,0.008
48.000,14889.995,2438.653,10492.709,4541.883,0.661,-32.415,-0.680,4477.626,-0.675,6.095,1.891,4548.992,0.262,-30.644,-0.584,4482.105,-1.104,13945.207,54.907,767.025,13.873,4993.719,21.234,0.003,0.003,0.008,0.008,4548.992,0.262,-30.644,-0.584,4482.105,-1.104,13945.207,54.907,767.025,13.873,4993.719,21.234,0.003,0.003,0.008,0.008
49.000,14950.854,2670.301,10348.786,4542.544,0.661,-33.096,-0.680,4476.950,-0.675,6.523,1.880,4548.863,0.241,-31.242,-0.582,4480.689,-1.124,14590.302,52.768,942.467,14.515,4925.679,19.558,-0.001,-0.000,0.008,0.008,4548.863,0.241,-31.242,-0.582,4480.689,-1.124,14590.302,52.768,942.467,14.515,4925.679,19.558,-0.001,-0.000,0.008,0.008
50.000,15008.257,2901.331,10202.471,4543.205,0.661,-33.776,-0.680,4476.275,-0.676,6.950,1.871,4549.891,0.284,-31.847,-0.593,4480.043,-1.099,15187.799,50.741,1139.583,15.180,4828.251,18.072,0.002,-0.001,0.008,0.008,4549.891,0.284,-31.847,-0.593,4480.043,-1.099,15187.799,50.741,1139.583,15.180,4828.251,18.072,0.002,-0.001,0.008,0.008
