Time,x_sat,y_sat,z_sat,True_x,True_vx,True_y,True_vy,True_z,True_vz,InTrackAngle,CrossTrackAngle,Est_x,Est_vx,Est_y,Est_vy,Est_z,Est_vz,Cov_xx,Cov_vxvx,Cov_yy,Cov_vyvy,Cov_zz,Cov_vzvz,Track Error,Innovation_ITA,Innovation_CTA,InnovationCov_ITA,InnovationCov_CTA,DDF_Est_x,DDF_Est_vx,DDF_Est_y,DDF_Est_vy,DDF_Est_z,DDF_Est_vz,DDF_Cov_xx,DDF_Cov_vxvx,DDF_Cov_yy,DDF_Cov_vyvy,DDF_Cov_zz,DDF_Cov_vzvz,DDF Track Error,DDF_Innovation_ITA,DDF_Innovation_CTA,DDF_InnovationCov_ITA,DDF_InnovationCov_CTA,ET_Est_x,ET_Est_vx,ET_Est_y,ET_Est_vy,ET_Est_z,ET_Est_vz,ET_Cov_xx,ET_Cov_vxvx,ET_Cov_yy,ET_Cov_vyvy,ET_Cov_zz,ET_Cov_vzvz,ET_Track Error
0.000,5736.459,2596.712,3845.390,4900.088,-11.278,803.914,61.228,4002.717,1.510,4909.410,-10.088,811.236,60.839,4031.952,1.065,1000.000,100.000,1000.000,100.000,1000.000,100.000,219.089,4903.217,-13.877,786.161,60.085,4024.265,-0.275,1000.000,100.000,1000.000,100.000,1000.000,100.000,219.089
1.000,5663.106,2280.067,4143.359,4888.427,-12.043,865.062,61.067,4004.227,1.509,41.841,20.533,4894.678,-11.914,871.017,62.417,4007.694,0.725,1000.000,100.000,1000.000,100.000,1000.000,100.000,219.089,0.000,0.000,1.000,1.000,4894.903,-11.207,870.473,60.564,4030.892,0.872,690.760,96.673,1033.082,99.441,774.176,97.340,199.921,-3.498,-1.995,133.770,134.874,4887.217,-12.419,861.945,60.262,4009.182,0.252,1096.404,99.960,1099.377,99.879,1097.309,99.941,229.542
2.000,5569.526,1955.279,4426.530,4876.003,-12.805,926.044,60.896,4005.736,1.509,30.413,36.286,4887.359,-12.252,930.874,62.030,4006.270,0.529,1082.587,99.871,1090.474,99.886,1084.689,99.876,228.307,-2.034,14.584,134.626,135.131,4888.150,-11.160,927.757,59.985,4029.122,0.460,898.237,96.331,1300.086,99.049,997.448,96.971,226.125,-3.020,14.778,134.810,135.363,4874.491,-13.152,922.086,60.078,4009.405,0.247,1395.840,99.975,1399.144,99.795,1396.484,99.900,258.966
3.000,5456.053,1623.507,4693.891,4862.818,-13.565,986.850,60.716,4007.245,1.509,15.303,15.093,4872.223,-13.399,993.456,61.946,4008.322,0.748,1351.999,99.331,1358.981,99.308,1357.382,99.380,255.135,2.006,-5.293,136.493,136.162,4874.080,-12.366,989.190,60.064,4030.856,0.678,1278.273,95.364,1720.034,97.705,1390.637,95.978,264.996,0.902,-5.213,137.764,136.923,4860.938,-13.896,982.082,59.891,4009.669,0.249,1895.009,100.010,1897.945,99.734,1895.065,99.853,301.676
4.000,5323.093,1285.937,4944.487,4848.875,-14.322,1047.472,60.526,4008.753,1.508,7.931,-4.772,4844.489,-16.465,1062.438,62.821,4014.292,1.579,1778.397,97.801,1779.557,97.612,1828.882,98.926,293.580,-2.530,-22.706,138.078,137.621,4846.031,-15.851,1059.856,61.402,4037.635,1.694,1797.816,93.164,2255.916,94.797,1965.734,95.169,310.341,-1.790,-22.680,139.704,138.914,4846.474,-14.664,1041.987,59.708,4009.990,0.260,2593.222,100.058,2594.834,99.687,2593.139,99.807,352.844
5.000,5171.121,943.773,5177.422,4834.175,-15.076,1107.899,60.326,4010.261,1.508,29.056,25.229,4834.677,-16.112,1118.401,61.571,4012.604,1.072,2329.155,95.041,2349.423,95.279,2498.085,98.593,338.861,-1.324,11.130,137.916,139.211,4838.268,-15.225,1112.295,59.965,4035.571,1.093,2417.196,89.624,2916.661,91.468,2735.033,94.705,359.308,-1.156,11.319,138.704,140.908,4831.549,-15.382,1101.506,59.489,4010.207,0.253,3489.590,100.111,3489.389,99.664,3490.666,99.766,409.285
6.000,5000.679,598.239,5391.866,4818.723,-15.828,1168.122,60.118,4011.768,1.507,45.059,13.546,4820.986,-16.481,1179.470,61.305,4013.184,0.999,2990.899,91.642,3067.134,93.081,3345.385,98.000,387.885,1.694,2.011,137.064,140.560,4825.661,-15.524,1171.472,59.703,4035.958,1.003,3119.778,85.546,3705.977,88.641,3676.593,94.018,409.924,1.602,2.016,137.361,142.371,4815.844,-16.107,1160.891,59.273,4010.456,0.252,4583.676,100.179,4581.231,99.676,4587.143,99.721,469.077
7.000,4812.376,250.568,5587.052,4802.520,-16.577,1228.131,59.900,4013.276,1.507,4799.373,-16.835,1220.052,59.048,4010.708,0.251,5879.814,100.339,5872.643,99.762,5883.177,99.686,531.197
8.000,4606.886,-97.998,5762.283,4785.569,-17.323,1287.918,59.672,4014.782,1.507,4782.174,-17.560,1278.984,58.814,4010.959,0.251,7375.109,100.525,7361.485,99.882,7378.252,99.650,594.842
9.000,4384.941,-446.214,5916.932,4767.874,-18.066,1347.473,59.436,4016.289,1.506,4764.253,-18.282,1337.676,58.570,4011.209,0.250,9069.410,100.739,9047.429,100.036,9072.252,99.615,659.565
10.000,4147.334,-792.836,6050.449,4749.438,-18.806,1406.786,59.190,4017.795,1.506,4745.612,-19.000,1396.121,58.318,4011.460,0.250,10962.561,100.980,10930.156,100.223,10965.060,99.579,725.069
